7.600000000000000089e-01 7.600000000000000089e-01 7.600000000000000089e-01 7.600000000000000089e-01 7.600000000000000089e-01
1.000000000000000056e-01 1.000000000000000056e-01 1.000000000000000056e-01 1.000000000000000056e-01 1.000000000000000056e-01
6.532500000000000221e-05 6.532500000000000221e-05 6.532500000000000221e-05 6.532500000000000221e-05 6.532500000000000221e-05
2.177500000000000074e-05 2.177500000000000074e-05 2.177500000000000074e-05 2.177500000000000074e-05 2.177500000000000074e-05
6.399999999999999710e-06 6.399999999999999710e-06 6.399999999999999710e-06 6.399999999999999710e-06 6.399999999999999710e-06
1.599999999999999928e-06 1.599999999999999928e-06 1.599999999999999928e-06 1.599999999999999928e-06 1.599999999999999928e-06
0.000000000000000000e+00 0.000000000000000000e+00 0.000000000000000000e+00 0.000000000000000000e+00 0.000000000000000000e+00
8.900000000000000133e-01 8.900000000000000133e-01 8.900000000000000133e-01 8.900000000000000133e-01 8.900000000000000133e-01
1.360000000000000098e+00 1.360000000000000098e+00 1.360000000000000098e+00 1.360000000000000098e+00 1.360000000000000098e+00
6.800000000000000488e-01 6.800000000000000488e-01 6.800000000000000488e-01 6.800000000000000488e-01 6.800000000000000488e-01
