0.002351011961135078  -2.473075689847022
0.007740538075695393  -12.5850874214904
0.01389999649233575  -23.6296398460929
0.01967448875793609  -34.05111846696465
0.02621891332561647  -44.83736288608125
0.03276333789329686  -55.43878474832471
0.03930776246097724  -65.35266669900008
0.04662211933073766  -75.35304560629206
0.05393647620049809  -84.81226406705949
0.06279069767441861  -94.89913993096812
0.07125995299729909  -104.00460801788034
0.08049914062225964  -112.64044198777793
0.09050826054930022  -121.47033964239233
0.10128731277842085  -129.61325185310923
0.11168139885650145  -136.63749473459194
0.12323038338770213  -143.99753966607352
0.1347793679189028  -150.4260789109145
0.1470982847521835  -157.00411906842618
0.1590322354344242  -162.77485429751593
0.17173611841874495  -168.25118772934644
0.18444000140306568  -173.6217205152869
0.19752885053842645  -178.67255134951617
0.21023273352274718  -183.34137076073924
0.22370654880914798  -188.20495954280534
0.23718036409554874  -192.70033698611186
0.25065417938194956  -196.8679624285633
0.26412799466835035  -201.1622977354601
0.2768318776526711  -204.90996152322745
0.2906136658599039  -209.13278730266504
0.30454944052755273  -212.95196061789167
0.31763828966291346  -216.61588298534483
0.33149707110035426  -220.3108555423527
0.3453558525377951  -224.0989786680246
0.3588296678241959  -227.65845948879385
0.37222648988038864  -231.0852713178294
0.3861622645480375  -234.59394273750914
0.4004060121365183  -238.10261415718887
0.4142647935739591  -241.48990756315484
0.4281235750113999  -244.84897352407106
0.4415973902978007  -248.0076246251343
0.4558411378862815  -250.9837382482094
0.4673901224174822  -253.00670514343906
